
FOLD1
losses, -8.40295197516,-24.2671030645,-39.3751620206,-52.1460667505,-65.3752282233,
train_ndcgs, 0.5554603968,0.732760092272,0.743530183494,0.747958537326,0.747260407131,0.749643545365,
val_ndcgs, 0.572355369971,0.654796475081,0.653981412325,0.64445710362,0.652481412509,0.652481412509,
test_ndcgs, 0.631024060105,0.755743093767,0.747361820229,0.747361820229,0.747361820229,0.745738718346,
FOLD2
losses, -16.1259523458,-58.5597139039,-93.0479252917,-120.451545488,-146.610524588,
train_ndcgs, 0.413909852066,0.731595458512,0.729082743299,0.726975628209,0.727098729265,0.725527277021,
val_ndcgs, 0.467460071315,0.789206192365,0.743314902603,0.756984170989,0.756984170989,0.756984170989,
test_ndcgs, 0.344734409153,0.774597062855,0.760510738844,0.773834601063,0.778198926182,0.773834601063,
FOLD3
losses, -20.2938408881,-37.0203919452,-60.5814629253,-81.9724103678,-95.1232610318,
train_ndcgs, 0.0,0.492853898417,0.532421310228,0.567251534213,0.596134975671,0.612298688635,
val_ndcgs, 0.0100343331888,0.424215140266,0.39829913095,0.458316698221,0.493281457802,0.517582161123,
test_ndcgs, 0.0,0.565227267449,0.597931574188,0.634665581894,0.637164946025,0.638934865041,
FOLD4
losses, -15.9003660499,-56.0425411882,-67.5479984531,-86.5073715829,-128.841491104,
train_ndcgs, 0.437420738805,0.726949159744,0.724676532575,0.730478224918,0.730677818518,0.728532976023,
val_ndcgs, 0.403718672105,0.75628513803,0.754949715233,0.755967745692,0.762897242589,0.768670469758,
test_ndcgs, 0.413716103981,0.755795209104,0.769778854153,0.773135517075,0.776830331581,0.774392601903,
FOLD5
losses, -14.7651744215,-24.4862374839,-34.7330748864,-47.2291634992,-62.8625175382,
train_ndcgs, 0.00438645614221,0.575308314978,0.60563500712,0.641766963081,0.663935905211,0.66909195868,
val_ndcgs, 0.0,0.596201188313,0.610591999904,0.601029647346,0.641372724847,0.646748958873,
test_ndcgs, 0.0,0.526783089147,0.543130998821,0.552183436888,0.570544086286,0.585603608506,