
FOLD1
losses, -153.532445422,-443.608659076,-743.331754404,-1070.13347245,-1275.80065466,
train_ndcgs, 0.491264653323,0.742761221427,0.743853386516,0.743409151679,0.742984677508,0.743298152411,
val_ndcgs, 0.44750007304,0.6609732438,0.659407680546,0.65377016882,0.665446167836,0.665446167836,
test_ndcgs, 0.388828388902,0.73618679718,0.742761315246,0.743280761143,0.74526296388,0.74526296388,
FOLD2
losses, -220.616433376,-604.123917354,-1057.52612707,-1493.83284682,-1885.06987304,
train_ndcgs, 0.0590928723306,0.718556444251,0.716110600713,0.716802329317,0.716541001262,0.714421283834,
val_ndcgs, 0.0254771408481,0.742655386962,0.76951751413,0.777898787668,0.764229519282,0.778594723815,
test_ndcgs, 0.0767742614973,0.773413455047,0.768836647123,0.7697018236,0.771531442293,0.754917169687,
FOLD3
losses, -368.431081085,-699.265692254,-1006.0039688,-1293.29828743,-1540.6429311,
train_ndcgs, 0.0808256654273,0.705467067668,0.722932622652,0.721010936246,0.717319369627,0.717319369627,
val_ndcgs, 0.141749029953,0.725346640481,0.727248162834,0.740072499085,0.741856481549,0.741856481549,
test_ndcgs, 0.180330015421,0.739863588339,0.756825278567,0.756825278567,0.761712210814,0.768107701025,
FOLD4
losses, -117.77008511,-404.954270251,-796.995014832,-1147.26154784,-1470.12953462,
train_ndcgs, 0.14788059375,0.714109229917,0.721018773349,0.71974288833,0.726960343094,0.726960343094,
val_ndcgs, 0.0543146037641,0.741905273902,0.7410970091,0.742855836112,0.74434485809,0.745761707217,
test_ndcgs, 0.0983143411772,0.730478790013,0.731989953835,0.732869253527,0.733925999049,0.730101004877,
FOLD5
losses, -83.9568199508,-242.774266458,-527.142399025,-868.963966136,-1154.74740513,
train_ndcgs, 0.0364168769219,0.664129545336,0.650284975415,0.663041802307,0.667175374787,0.673155882243,
val_ndcgs, 0.0,0.677153186182,0.678568104293,0.694101777496,0.697260881866,0.698123313953,
test_ndcgs, 0.0,0.571273672682,0.571930882414,0.573686634594,0.568819462104,0.569286963412,