
FOLD1
losses, -243.26779226,-627.021717481,-920.333614941,-1231.79385117,-1450.46781816,
train_ndcgs, 0.650453619421,0.697244194112,0.70525594579,0.705769964976,0.711392834148,
val_ndcgs, 0.606585395694,0.633667825125,0.636520801056,0.637937650183,0.642301975302,
test_ndcgs, 0.701375862915,0.70363146314,0.708480713272,0.709176649418,0.717961749891,
FOLD2
losses, -2680.32215147,-3148.70038711,-3515.77607381,-3789.97538724,-4056.04790421,
train_ndcgs, 0.692120729987,0.69154259223,0.687596504703,0.696032464477,0.684490831677,
val_ndcgs, 0.714877763368,0.715205567325,0.71561134488,0.71561134488,0.71561134488,
test_ndcgs, 0.691500043575,0.691500043575,0.689189262177,0.689189262177,0.689189262177,
FOLD3
losses, -3340.78926343,-3453.03196864,-3591.25665331,-3700.0068222,-3827.3118987,
train_ndcgs, 0.680944728327,0.680678753283,0.681107810179,0.679229134169,0.683876993082,
val_ndcgs, 0.689189262177,0.68687848078,0.69651397499,0.696912813968,0.697393976672,
test_ndcgs, 0.730970397807,0.730970397807,0.730970397807,0.729509606113,0.724987873665,
FOLD4
losses, -3711.31946334,-3784.45297946,-3888.79789647,-3970.34820522,-4057.0649515,
train_ndcgs, 0.673444562408,0.673227057019,0.673227057019,0.673227057019,0.673304918888,
val_ndcgs, 0.724987873665,0.724987873665,0.724987873665,0.730895849891,0.730895849891,
test_ndcgs, 0.729655126098,0.729655126098,0.729655126098,0.729655126098,0.728728560242,
FOLD5
losses, -2985.64953105,-3042.01198313,-3101.01202739,-3153.22051143,-3203.76562347,
train_ndcgs, 0.710882368949,0.710882368949,0.710882368949,0.710882368949,0.71512455569,
val_ndcgs, 0.729655126098,0.729655126098,0.729655126098,0.729655126098,0.730271279772,
test_ndcgs, 0.621921244715,0.621921244715,0.621921244715,0.631556738926,0.634112067323,