
FOLD1
losses, -0.166290804596,-0.55953853603,-0.833163583839,-1.19779806336,-1.41840347698,
train_ndcgs, 0.522255474204,0.564016585113,0.62555898494,0.646238585304,0.651737997738,
val_ndcgs, 0.521399122552,0.550989518323,0.563427724546,0.578793695416,0.579088718977,
test_ndcgs, 0.56095980317,0.612362386845,0.661557711916,0.682915484209,0.681292382326,
FOLD2
losses, -2.97869907896,-3.51848876978,-3.86553668165,-4.10629504484,-4.43185599931,
train_ndcgs, 0.631965032861,0.643404253694,0.653111770894,0.653312540068,0.653588771255,
val_ndcgs, 0.681620186283,0.681620186283,0.682545409735,0.682545409735,0.682545409735,
test_ndcgs, 0.622640179226,0.626783887719,0.632898296901,0.64549566201,0.652276346402,
FOLD3
losses, -3.906749816,-4.06037209806,-4.22040287179,-4.35915970835,-4.48048316956,
train_ndcgs, 0.647591728347,0.648397814881,0.652157141103,0.654788471168,0.657116996697,
val_ndcgs, 0.652276346402,0.652276346402,0.652641546201,0.65700587132,0.66871259765,
test_ndcgs, 0.707471217295,0.707471217295,0.707471217295,0.707471217295,0.707471217295,
FOLD4
losses, -4.35167432283,-4.45364471529,-4.54120199384,-4.66244464963,-4.758313506,
train_ndcgs, 0.656339843961,0.655190774282,0.654982683967,0.654982683967,0.654982683967,
val_ndcgs, 0.707471217295,0.707471217295,0.707471217295,0.707471217295,0.711992949743,
test_ndcgs, 0.675165140195,0.67755560371,0.67755560371,0.67755560371,0.689873677472,
FOLD5
losses, -3.10946355205,-3.15441939276,-3.19738138833,-3.25051150454,-3.30157368713,
train_ndcgs, 0.692033226127,0.692238610685,0.692238610685,0.692399818032,0.692399818032,
val_ndcgs, 0.689873677472,0.689873677472,0.682070422798,0.682070422798,0.682070422798,
test_ndcgs, 0.610454353707,0.610454353707,0.610680153128,0.610680153128,0.611161315832,