
FOLD1
losses, -193247.993619,-311083.023463,-463598.852299,-698371.432222,-1071253.44095,
train_ndcgs, 0.74128093785,0.728911682384,0.728148661954,0.72478072033,0.733646617255,
val_ndcgs, 0.654373688777,0.64820162263,0.657914997728,0.657229479262,0.661784850889,
test_ndcgs, 0.724796384084,0.724402117157,0.728430252173,0.728430252173,0.723882671259,
FOLD2
losses, -2486176.83998,-4787719.61886,-9421068.72523,-16533012.9371,-27315228.2524,
train_ndcgs, 0.70785972719,0.708227252863,0.704919732164,0.705722498025,0.702333860479,
val_ndcgs, 0.723882671259,0.722887470896,0.722887470896,0.721785757195,0.722780957559,
test_ndcgs, 0.705466978444,0.712392852279,0.702757358068,0.703156197046,0.704445457773,
FOLD3
losses, -34985758.5845,-46187489.7125,-58103656.7434,-70454750.9849,-82893919.508,
train_ndcgs, 0.692559641555,0.690761281479,0.690593434024,0.69676500897,0.694436483441,
val_ndcgs, 0.70642553865,0.70642553865,0.70642553865,0.710789863769,0.710789863769,
test_ndcgs, 0.748534151297,0.747771689504,0.747771689504,0.747176074286,0.747176074286,
FOLD4
losses, -94532938.3619,-108000522.745,-121015082.56,-133654846.438,-146326387.809,
train_ndcgs, 0.686060251728,0.67593080205,0.674631246912,0.675119815576,0.676941068574,
val_ndcgs, 0.742811749167,0.742811749167,0.742811749167,0.742811749167,0.742811749167,
test_ndcgs, 0.720717504286,0.720717504286,0.720717504286,0.720717504286,0.720717504286,
FOLD5
losses, -162338845.68,-176151584.786,-189291601.926,-202285590.393,-214887348.338,
train_ndcgs, 0.712783618416,0.708541431675,0.708403900993,0.706493583498,0.70209018941,
val_ndcgs, 0.721774249807,0.721774249807,0.721774249807,0.719006001157,0.719006001157,
test_ndcgs, 0.636386042261,0.636386042261,0.634925250566,0.634925250566,0.634925250566,