
FOLD1
losses, -0.233269827423,-0.47646082732,-0.810261083906,-1.09578279165,-1.30282980951,
train_ndcgs, 0.0529067384239,0.659791227802,0.680020986352,0.703807636679,0.709853966697,0.710542632318,
val_ndcgs, 0.00782131210038,0.592716628617,0.585183416172,0.634765019356,0.636012339447,0.650334491791,
test_ndcgs, 0.0271929365743,0.686955573046,0.704327399286,0.704327399286,0.709176649418,0.717961749891,
FOLD2
losses, -0.366297856892,-0.873977169504,-1.34470558321,-1.73223685375,-2.06245379905,
train_ndcgs, 0.0313543630365,0.708085925505,0.712077580824,0.715259629228,0.715752030923,0.714869964261,
val_ndcgs, 0.0107061046784,0.732640627394,0.757286616529,0.759556829484,0.770911407127,0.760552029847,
test_ndcgs, 0.0,0.704003502131,0.712656569913,0.726035689383,0.726631304601,0.726035689383,
FOLD3
losses, -0.263434541387,-0.646700177676,-0.957167160447,-1.2925599332,-1.58554687741,
train_ndcgs, 0.220995893458,0.664123915255,0.686647361832,0.708457970973,0.710543643833,0.715100509113,
val_ndcgs, 0.186214675231,0.667014497387,0.709005192278,0.709486354982,0.7228102172,0.724427353089,
test_ndcgs, 0.145592904984,0.713955826788,0.744487285234,0.745788315455,0.746327886017,0.746327886017,
FOLD4
losses, -0.0831418531185,-0.440706888376,-0.986422984604,-1.38808177424,-1.75664994169,
train_ndcgs, 0.00340324035593,0.644622002346,0.605303578011,0.626078851091,0.646532258105,0.649929600016,
val_ndcgs, 0.0,0.678933334152,0.659976884323,0.685941096374,0.689656596989,0.702854618863,
test_ndcgs, 0.0,0.604088810415,0.592291613696,0.643484416622,0.649963842054,0.655185341532,
FOLD5
losses, -0.0990696815636,-0.379266148076,-0.703308558366,-0.986938731026,-1.16874189817,
train_ndcgs, 0.0049497024872,0.730111840763,0.733735939554,0.743348645483,0.74743002619,0.749185210611,
val_ndcgs, 0.0,0.697802490986,0.737399713801,0.737399713801,0.740534682923,0.740320975923,
test_ndcgs, 0.0,0.648854913131,0.653332655451,0.653958997983,0.653958997983,0.653958997983,