
FOLD1
losses, -70.2005188666,-144.477899022,-238.035777376,-351.847433869,-483.195915664,
train_ndcgs, 0.723886771317,0.734405932204,0.729669854779,0.731801386455,0.747885895131,
val_ndcgs, 0.637086724636,0.659764574574,0.646599116956,0.659922979174,0.673169900717,
test_ndcgs, 0.746449063246,0.761172402756,0.769553676294,0.769553676294,0.769553676294,
FOLD2
losses, -949.50005454,-1248.19312473,-1524.84266668,-1818.11262575,-2145.21849522,
train_ndcgs, 0.721347574296,0.718139939369,0.724434956825,0.728104223933,0.722423729703,
val_ndcgs, 0.776814030469,0.777809230833,0.762207931351,0.768300648885,0.757273875198,
test_ndcgs, 0.757768309051,0.755285996685,0.756307517356,0.756307517356,0.755908678378,
FOLD3
losses, -1710.04649508,-1848.02414044,-1979.72254265,-2101.58128879,-2222.89729162,
train_ndcgs, 0.721650408283,0.721650408283,0.725941922776,0.726024627156,0.72809747563,
val_ndcgs, 0.755908678378,0.760273003497,0.746273184167,0.74396240277,0.74396240277,
test_ndcgs, 0.754373971323,0.750009646204,0.747698864807,0.748531565913,0.748531565913,
FOLD4
losses, -2181.34886835,-2283.70326708,-2387.19680382,-2483.04009234,-2584.28008811,
train_ndcgs, 0.720581944261,0.720445675937,0.720783479037,0.720783479037,0.720783479037,
val_ndcgs, 0.759373115766,0.759373115766,0.759373115766,0.759373115766,0.759373115766,
test_ndcgs, 0.749814684021,0.749814684021,0.752069143593,0.752069143593,0.752069143593,
FOLD5
losses, -2664.7459383,-2751.04953649,-2817.7435713,-2898.88005859,-2995.10785084,
train_ndcgs, 0.75469308261,0.75469308261,0.755206538465,0.754990558282,0.754990558282,
val_ndcgs, 0.752069143593,0.7506034376,0.749814684021,0.749814684021,0.762541244243,
test_ndcgs, 0.662866668882,0.662866668882,0.662866668882,0.667230994001,0.667712156705,