
FOLD1
losses, -335.535491917,-662.038337256,-957.338195589,-1189.08145015,-1332.70981864,
train_ndcgs, 0.717966466568,0.71566291613,0.722412641828,0.721610445401,0.723134624877,
val_ndcgs, 0.647440833838,0.650131493493,0.662710752962,0.660274867903,0.661090699128,
test_ndcgs, 0.757575544417,0.744568070718,0.744568070718,0.743906276031,0.744568070718,
FOLD2
losses, -2538.57783258,-2920.70024059,-3182.8923181,-3404.84217952,-3631.18644073,
train_ndcgs, 0.707254234095,0.709892994393,0.709798777691,0.709960365753,0.709999454373,
val_ndcgs, 0.744568070718,0.73618679718,0.742751215209,0.738475353184,0.737480152821,
test_ndcgs, 0.695942329977,0.697359179104,0.695048397706,0.703748205494,0.703748205494,
FOLD3
losses, -2981.17077116,-3106.4830447,-3235.31252898,-3367.12074783,-3497.93585131,
train_ndcgs, 0.709007275805,0.708395391898,0.704338161607,0.708757071379,0.708617941503,
val_ndcgs, 0.706045056303,0.706640671521,0.708424653985,0.709020269203,0.709782730995,
test_ndcgs, 0.745163416958,0.745163416958,0.740799091839,0.740799091839,0.740799091839,
FOLD4
losses, -3468.82547,-3563.79235725,-3647.80332839,-3746.26666952,-3823.09768375,
train_ndcgs, 0.694912697799,0.695073905147,0.695073905147,0.694810987287,0.694810987287,
val_ndcgs, 0.739338300144,0.739338300144,0.743860032592,0.747719923886,0.747719923886,
test_ndcgs, 0.741941094472,0.741941094472,0.741941094472,0.741941094472,0.741941094472,
FOLD5
losses, -2724.67533437,-2766.11484416,-2817.52836119,-2865.1771912,-2919.51933737,
train_ndcgs, 0.730160357918,0.731346025328,0.731346025328,0.731346025328,0.731346025328,
val_ndcgs, 0.741941094472,0.74272984805,0.74272984805,0.74272984805,0.74272984805,
test_ndcgs, 0.645206749057,0.645206749057,0.645206749057,0.645571948856,0.645571948856,