
FOLD1
losses, 0.00673203516125,0.00332050668656,0.00292751025292,0.00215825111389,0.00203685059288,
train_ndcgs, 0.599078770286,0.204120844579,0.606717687137,0.554373583945,0.706046088683,0.76388217374,
val_ndcgs, 0.572627306934,0.334371968448,0.534236076776,0.53781821039,0.63260327752,0.629132932541,
test_ndcgs, 0.650220848036,0.258062839346,0.596840038125,0.582538253735,0.729096145854,0.779949882344,
FOLD2
losses, 0.0063244658223,0.00290996518152,0.00499045535537,0.00331273235898,0.00288397971474,
train_ndcgs, 0.0275968472087,0.319963270326,0.410417099384,0.6156878988,0.536254675084,0.578756295839,
val_ndcgs, 0.0317113773003,0.303551249811,0.480769959159,0.621769893958,0.612451728691,0.642191995966,
test_ndcgs, 0.0391972544517,0.236146506075,0.398983140241,0.657794155949,0.561845063988,0.613751950458,
FOLD3
losses, 0.0105920549552,0.00736756059949,0.00355779827442,0.00243687106088,0.002304274654,
train_ndcgs, 0.00275811293918,0.323386948282,0.366508034143,0.690054735642,0.62368724036,0.540355117828,
val_ndcgs, 0.0,0.291556257926,0.314068324839,0.728595601246,0.606557712429,0.504501957036,
test_ndcgs, 0.0,0.204021902368,0.360559277861,0.754925169287,0.621848065938,0.457847182276,
FOLD4
losses, 0.0135119676325,0.00313686721065,0.00304294930632,0.00238707153521,0.00268743363056,
train_ndcgs, 0.0413015198036,0.361891534685,0.476347534189,0.182692170501,0.568231110855,0.637585024241,
val_ndcgs, 0.0162176984339,0.360283683532,0.297445181581,0.298311042772,0.477429518921,0.650720701637,
test_ndcgs, 0.0959258856337,0.349090715895,0.408034300035,0.21146923921,0.56731248681,0.560584749945,
FOLD5
losses, 0.00822002570528,0.00267037165599,0.00230632250185,0.00221806971118,0.00190690224596,
train_ndcgs, 0.138113947645,0.220070060419,0.513757309818,0.684327251485,0.738925404005,0.724077139661,
val_ndcgs, 0.252100877688,0.219161259834,0.505351462461,0.648030575893,0.707648857665,0.688262771131,
test_ndcgs, 0.117894974178,0.162272663601,0.544617230366,0.605596925386,0.627925846739,0.641112216179,